simDay,A,D,E,I1,I2,R1,R2,S
1,0.0,0.0,0.0,0.0,0.0,0.0,0.0,0.9999999999999999
2,0.0,0.0,1.4382286256356946e-08,0.0,0.0,0.0,0.0,0.9999999865463938
3,5.60884074485015e-07,3.9703165171651303e-13,8.265540927470355e-07,8.543449618086673e-08,7.807039870706692e-09,1.4062732536413744e-08,2.368696064336358e-10,0.9999985050202975
4,2.1413206193676344e-06,1.091199511189342e-11,1.7937283109142455e-06,3.0965118215345264e-07,5.047595473750572e-08,9.946913770527839e-08,3.3866284651773934e-09,0.9999956019572547
5,4.774511442023459e-06,7.084030724958696e-11,2.8842944757263583e-06,6.56478231942839e-07,1.5289535248957258e-07,3.266434427555721e-07,1.6505241495468824e-08,0.9999911886009732
6,8.530314402980374e-06,2.625449701334816e-10,3.970042581674169e-06,1.1188184037578132e-06,3.3382400711332574e-07,7.692786037028394e-07,5.1556869766293956e-08,0.999985225902586
7,1.3455200705399822e-05,7.074447986352492e-10,5.048836901376857e-06,1.6944317140503422e-06,5.990814430313648e-07,1.4883802062384076e-06,1.2476432437933254e-07,0.9999775885972604
8,1.9435047068806073e-05,1.5813993332422488e-09,6.522448249169092e-06,2.3427442132624737e-06,9.7134943042247e-07,2.5734546440229413e-06,2.5745403945608077e-07,0.9999678959209557
9,2.67339566526646e-05,3.07800223484589e-09,8.013379333969234e-06,3.1000651430200523e-06,1.4507096595238362e-06,4.089157746590176e-06,4.7617619887706343e-07,0.9999561334772633
10,3.55534557483097e-05,5.425135469696343e-09,9.418581382704486e-06,3.993509388050251e-06,2.0359808511040573e-06,6.099449230172452e-06,8.121992993694844e-07,0.9999420813989647
11,4.555598488749994e-05,8.883600785150907e-09,1.1439959626686232e-05,4.944558171959673e-06,2.751829055968647e-06,8.703605083804841e-06,1.3013840597305115e-06,0.9999252937955135
12,5.712729826278837e-05,1.3713580878959129e-08,1.3769086605155049e-05,6.008853565057946e-06,3.598626666775998e-06,1.1974086862653786e-05,1.984693561608444e-06,0.9999055236408952
13,7.10492716688652e-05,2.0194181270559377e-08,1.5555832111681076e-05,7.312062317127225e-06,4.5681699977854825e-06,1.597813802568504e-05,2.911564840850049e-06,0.9998826047668566
14,8.659071966582237e-05,2.8642000963150926e-08,1.8125322933111387e-05,8.701115673587943e-06,5.698961804348262e-06,2.084534333564016e-05,4.133668192198172e-06,0.9998558762263942
15,0.0001040773362924701,3.9372522950632393e-08,2.1227570331852853e-05,1.021423500017942e-05,7.000684179229503e-06,2.6675983903154704e-05,5.7113193024213606e-06,0.9998250534984677
16,0.00012408985596954277,5.271380472567889e-08,2.4397104427396564e-05,1.1937922257249573e-05,8.472379804404093e-06,3.356348492821922e-05,7.712384889694323e-06,0.9997897741539186
17,0.00014708552685671058,6.90316598307895e-08,2.6117973622837935e-05,1.3937076605943727e-05,1.0115918357182898e-05,4.160320721106286e-05,1.0211600269215559e-05,0.9997508596654172
18,0.0001712304744758926,8.870227798234824e-08,3.006014588787527e-05,1.587336843251846e-05,1.1976159228984998e-05,5.095179008780017e-05,1.3288907876557551e-05,0.9997065304517323
19,0.00019856913722983066,1.1209114965566703e-07,3.4484715000224985e-05,1.8088385144682237e-05,1.4028356411792668e-05,6.167427942897958e-05,1.7033553571374844e-05,0.9996560094820636
20,0.00022975950932864608,1.395922470678565e-07,3.950629578477498e-05,2.065460171168549e-05,1.630858755417546e-05,7.392685778275719e-05,2.153986687983402e-05,0.9995981646887107
21,0.0002654303040723445,1.7162448057029087e-07,4.557868378759152e-05,2.361956789392926e-05,1.887411411487615e-05,8.79432874292973e-05,2.692304048693029e-05,0.9995314593777342
22,0.0003064956317946847,2.08670814831613e-07,5.263945816032829e-05,2.707602435154883e-05,2.1782733498351957e-05,0.00010396763654558771,3.330418293772511e-05,0.999454525661897
23,0.00035403456869914743,2.5130250598424626e-07,6.0568898390424594e-05,3.1133535733358095e-05,2.5098415831155265e-05,0.0001223061795056181,4.082918249194705e-05,0.9993657779168421
24,0.00040875414059900417,3.0021951571551283e-07,6.991840798854809e-05,3.582191643497569e-05,2.8907305883455846e-05,0.0001433322581293376,4.9664827529210044e-05,0.9992633009239197
25,0.0004718149546404367,3.5624163659385705e-07,8.085170074693237e-05,4.124095546663883e-05,3.329414646837893e-05,0.000167464966613078,6.000352330447137e-05,0.9991449735111234
26,0.0005447736924121808,4.203408508566749e-07,9.326691433108453e-05,4.754733282498128e-05,3.834736508129157e-05,0.00019517911865235448,7.206745115552421e-05,0.9990083977846915
27,0.0006289154847973062,4.936747238916501e-07,0.00010770320533761827,5.482945226419978e-05,4.41819031257466e-05,0.00022704171720770553,8.611193897797888e-05,0.9988507226235654
28,0.000726076593357895,5.776163713771027e-07,0.00012435102917898237,6.325330473682591e-05,5.091985744548782e-05,0.00026370217295711954,0.00010243615262419398,0.998668683273328
29,0.0008382840114718521,6.737720686565102e-07,0.0001435396180161473,7.299472107220981e-05,5.870319877871479e-05,0.0003059117999094852,0.00012138499762745576,0.9984585078810556
30,0.0009678025497424025,7.840113936768319e-07,0.00016573436369790253,8.424388712020588e-05,6.76967942537243e-05,0.0003545387908354091,0.00014335644362783106,0.9982158431593288
31,0.0011173402478657226,9.104982439995496e-07,0.00019133241779058612,9.723909406079829e-05,7.80862235371911e-05,0.0004105776511697285,0.00016880920489576506,0.9979357046624362
32,0.0012899587632736894,1.0557479446432768e-06,0.00022087136118007552,0.00011224380614958092,9.008725816265378e-05,0.0004751798481020562,0.00019827416958565977,0.9976123290456015
33,0.0014886061548268176,1.2227322819803429e-06,0.00024984363557837,0.00012945870016066682,0.00010395753565722827,0.0005497093434171641,0.0002323745203095294,0.9972448273777682
34,0.001662309289359113,1.4147712003417597e-06,0.00020836751824702444,0.0001409991543794423,0.0001190117447471151,0.0006340336256731677,0.0002717298214333239,0.9969621340749604
35,0.0018076778624665966,1.6347344363285268e-06,0.00021530909811774552,0.00014747821822467367,0.00013371353106978056,0.0007254672473335632,0.00031692648550367826,0.9966517928228471
36,0.0019571525359549907,1.883637461944919e-06,0.00023219204341401,0.00015451092434639506,0.00014772855826832433,0.0008228576425125054,0.00036838597780103897,0.996315288680241
37,0.0021181737635815614,2.16109598926718e-06,0.0002510440058861386,0.00016314189587560195,0.00016138441612669897,0.0009262269769532453,0.0004265009475132253,0.9959513668980744
38,0.0022919162055666394,2.4659350401395805e-06,0.00027166596745603925,0.00017329494731884535,0.00017511243535067985,0.001035953639637906,0.000491665973605279,0.9955579248960243
39,0.002479872761386896,2.797395291668223e-06,0.00029371081128938976,0.0001849950187789633,0.00018921844027464314,0.0011525573454129092,0.0005643269353772828,0.9951325212921885
40,0.0026832155275758217,3.154683729527771e-06,0.000317283709972162,0.00019822159957790946,0.0002039798597645432,0.001276626250992121,0.0006449478394872326,0.9946725705289008
41,0.0029026952881506278,3.537865295966495e-06,0.0003431340229969329,0.0002128801883123545,0.00021966425544755406,0.0014088514428416393,0.0007340448819370576,0.9941751920550181
42,0.003139951230381761,3.947123090431716e-06,0.0003710672677415995,0.00022905382988262554,0.00023647055006097191,0.0015499601785088173,0.0008321705905905135,0.9936373792297434
43,0.0033949819464725007,4.389342115827524e-06,0.0003980312666450026,0.0002465961990815037,0.00025453523033692094,0.001700746769610383,0.0009399322625354297,0.9930607869832025
44,0.00366328092178362,4.89735009365727e-06,0.0004210116237946797,0.0002648427835237282,0.00027373833716568625,0.0018617988016779888,0.0010579822411394128,0.9924524479408214
45,0.003938823749326718,5.523184052796774e-06,0.0004396136016863392,0.0002831264663131375,0.0002937095681443282,0.0020332466442849273,0.0011869875278523406,0.9918189692583395
46,0.004216173587403694,6.324325903622554e-06,0.00045359927678515437,0.00030102871797036096,0.00031396966063836865,0.0022147423075582835,0.001327587235482747,0.9911665748882574
47,0.004490235366063911,7.357866960040927e-06,0.0004644766406608832,0.000318264601221084,0.00033402704055528567,0.0024055397727952782,0.0014803563513214619,0.9904997423604218
48,0.004759788324532956,8.664006906074102e-06,0.00047361196438818723,0.0003351328752149022,0.0003535191108245505,0.0026046162634589297,0.0016457822949058226,0.9898188851597682
49,0.005023279870332862,1.0268613977797454e-05,0.00048474762038126345,0.00035173277152305096,0.0003723060164582356,0.002810978431400309,0.0018242428131717318,0.9891224438627545
50,0.005283382965643099,1.2177295789796215e-05,0.0004968836227321995,0.000368714977521903,0.000390413354956364,0.003023690221441527,0.0020160338608405286,0.9884087037010747
51,0.0055421748973112665,1.4384155814310352e-05,0.0005112203511727771,0.0003864677197246584,0.00040804974902039514,0.003242085536698375,0.0022213770734192655,0.9876742405168389
52,0.0058031246677025675,1.6871798666428943e-05,0.0005293147505999833,0.00040547236177209024,0.00042554050066291095,0.003465770487695611,0.0024404471632199624,0.9869134582696806
53,0.006071066349321043,1.9610176176280457e-05,0.0005504448017776774,0.0004262692530454064,0.0004433478600983058,0.0036947366216097503,0.002673400973830303,0.9861211239641409
54,0.006349191064197485,2.25699702386514e-05,0.0005743279367927296,0.00044905091590461587,0.0004619690610441093,0.003929326326257684,0.0029204045916147504,0.9852931601339499
55,0.006639055912607835,2.5734258530389287e-05,0.0006020917099909144,0.00047377312158071477,0.0004817612669849661,0.004170227803659489,0.003181683620850645,0.9844256723057948
56,0.006944033737469085,2.9085722686568842e-05,0.000631187805778214,0.0005007076830242212,0.000503044835040832,0.004418123773399356,0.003457506509692723,0.9835163099329091
57,0.007265959092761442,3.261535921139376e-05,0.0006613412618633263,0.0005298973140374331,0.000526073720703845,0.004673872088897985,0.0037482043765976985,0.9825620367859266
58,0.007603959939675959,3.632256772873681e-05,0.0006966779599787551,0.0005609468442773185,0.0005510797414559907,0.004938505107955753,0.004054177412602009,0.9815583304263252
59,0.007963496876936838,4.02032472999357e-05,0.0007306092822429158,0.000594580865769854,0.0005781611691731824,0.0052129089363507665,0.0043759000583271385,0.9805041395638989
60,0.008341865007013458,4.4266163846505685e-05,0.0007702613565103792,0.0006301280949194319,0.000607511431981768,0.005498277274070539,0.004713909994816165,0.9793937806768416
61,0.008743918691709748,4.851366494050714e-05,0.0008100015632399383,0.0006682423479163945,0.0006391912172701293,0.005795606989777458,0.005068828320593763,0.9782256972045514
62,0.009169869608680827,5.295597616697224e-05,0.0008520147631077894,0.0007087842221942508,0.0006733208976459026,0.006106077088339101,0.00544134401591516,0.9769956334279498
63,0.00961917590418999,5.760613903429671e-05,0.0008997688352983484,0.0007514927093124792,0.0007100269050848405,0.006430924069099201,0.005832221218890971,0.9756987842190898
64,0.010098040415547512,6.247009595713626e-05,0.0009453926041122656,0.0007972822262629396,0.0007493326665582063,0.006771202968102353,0.006242306528388584,0.9743339724950706
65,0.010602127074408715,6.75688257769576e-05,0.0009987938025108696,0.0008452459049213229,0.0007914211743024831,0.007128332704730903,0.006672509990805919,0.9728940005225429
66,0.01113799513614643,7.291031977373536e-05,0.0010515876912420299,0.0008963685465777513,0.0008363154667482967,0.007503422767237207,0.007123836897405538,0.9713775631748687
67,0.011701471414757513,7.852427093165016e-05,0.0011008360701835337,0.0009491267766745773,0.0008844331595606133,0.007898025888688745,0.007597422482913246,0.96979015993629
68,0.01228464169318237,8.443644335453584e-05,0.0011464746232388366,0.001001756199065873,0.0009356461704191823,0.008312898680123262,0.008094412232943151,0.9681397339576724
69,0.012885675303909957,9.066022671498143e-05,0.0011924863782706108,0.0010543374908366704,0.000989360857620875,0.00874804909112037,0.008615839716418754,0.9664235909351075
70,0.013504733830514565,9.720793043943518e-05,0.0012396170401518867,0.0011071340579678266,0.001045179378349636,0.009203478494723695,0.009162712347166578,0.9646399369206862
71,0.014142606048631828,0.00010409001328680326,0.001288035431739289,0.001160467820653256,0.001102815201570556,0.00967919080717554,0.009736009381862332,0.9627867852950801
72,0.014799621836548257,0.00011131616809255981,0.0013371962178403206,0.0012144199681265377,0.0011621772283621366,0.010175307240496497,0.010336686069613663,0.9608632752709197
73,0.015475879234596623,0.00011889533305875937,0.0013873691589586282,0.001269093740370809,0.0012231319731816435,0.01069191330594692,0.010965686813412503,0.9588680304404733
74,0.01617147875748158,0.00012683476879897737,0.001438765983980915,0.0013245459256436907,0.0012856349979267717,0.011229152906470452,0.011623931776812688,0.9567996548828844
75,0.016886685393237948,0.0001351445381805549,0.0014903635781432078,0.0013808242882841076,0.001349631093913862,0.01178716718437709,0.012312350925763037,0.9546578329980999
76,0.017621540269450984,0.0001438326387752199,0.0015419722149453503,0.0014379765270317384,0.0014150666798153776,0.01236607695760508,0.013031853052844298,0.952441681659532
77,0.018374853061159577,0.0001529067487654502,0.0015941466122776963,0.0014957901423011757,0.0014819363922121186,0.012966050543847083,0.013783359567226854,0.9501509569322097
78,0.01914608445620527,0.0001623755128620159,0.0016464460479871424,0.001554188838168679,0.0015501894338137221,0.013587157035711105,0.014567808499605657,0.9477857501756463
79,0.019934569731237216,0.0001722470806185901,0.0016984955082655138,0.0016130905207867796,0.0016197623566311763,0.014229411983281395,0.015386132925099636,0.9453462898940794
80,0.020739074544415807,0.00018252959450635773,0.0017501090863066122,0.0016723102196449016,0.0016905868017227594,0.01489279109996172,0.016239262126361013,0.9428333365270807
81,0.021558201636732558,0.0001932308438319052,0.0018010276760242645,0.001731656183601746,0.0017625643791662916,0.015577180918757544,0.017128109192723284,0.9402480291691627
82,0.022390234889666603,0.00020435789353230065,0.0018513519644263114,0.001790919336699942,0.0018355637895865959,0.016282365618667267,0.0180535598171882,0.9375916466902325
83,0.023234133434035464,0.00021591712636677952,0.0019002188501098056,0.0018500067662995563,0.0019094520105061709,0.01700804826144813,0.019016471771079107,0.9348657517801554
84,0.024087535187079324,0.00022791451937674462,0.001947748716256081,0.0019085991838848704,0.0019840887098692703,0.017753857331211563,0.02001767796985873,0.9320725783824629
85,0.02494858818450102,0.0002403543209801343,0.001994238016890649,0.0019665489220176582,0.0020592806557467374,0.018519265380474045,0.02105794678530451,0.9292137777340851
86,0.025815322830885452,0.0002532383125051803,0.0020400518078909457,0.002023720512868215,0.0021348163911128894,0.019303617269294887,0.022137977864783897,0.926291255010658
87,0.026686990026888704,0.0002665715304638827,0.0020824718513962875,0.002080036366089365,0.0022105561362087828,0.02010628164099174,0.02325849002894782,0.9233086024190129
88,0.027560200887334674,0.00028035537135278943,0.002122022556825998,0.0021350469845896358,0.0022863259684876057,0.020926511406214977,0.024420124881198536,0.920269411943995
89,0.028431424935055998,0.00029458808021916294,0.002160848000289369,0.0021884266711804825,0.002361869444048478,0.021763326843460794,0.025623402967619568,0.9171761130581255
90,0.029299419448711648,0.00030927087418396,0.002195872723499691,0.0022400663132014407,0.002436959212705747,0.02261572223206851,0.02686886062143436,0.9140338285741942
91,0.030160576884930505,0.0003244007222815466,0.002228133646986425,0.0022895904197712865,0.0025113318229199343,0.02348251919233724,0.02815690452376249,0.9108465427870107
92,0.03101173027276467,0.0003399720178495218,0.0022586770503458475,0.002336754171522189,0.00258469654980826,0.02436235290055353,0.029487809938973954,0.9076180070981821
93,0.03185240964520918,0.00035597810050129886,0.002285819928854923,0.0023817711536709145,0.0026567595923706992,0.02525376294565315,0.030861758478599566,0.90435174015514
94,0.032679566326775586,0.000372412678779967,0.002308517166664429,0.0024242452300550135,0.002727357209001114,0.026155423595493905,0.03227892556324066,0.9010535522299888
95,0.0334895848457518,0.00038926688763748384,0.0023274006385645245,0.002463806583649827,0.0027962236526387955,0.02706580357607383,0.033739358022758764,0.897728555792925
96,0.03427767814812612,0.0004065276378830746,0.0023463606895647885,0.0025000094087499966,0.0028630684173286567,0.027983154408825626,0.035242880785234854,0.8943803205042866
97,0.03504608340697969,0.0004241842204309904,0.0023574423272020276,0.0025333948924132904,0.0029276081107794316,0.028905759481220962,0.03678939152038451,0.8910161360405887
98,0.03578798562951214,0.0004422234300138321,0.0023662627924348166,0.0025630917152670045,0.002989622529498576,0.02983188517985418,0.03837856713714332,0.8876403615862757
99,0.03650121191732828,0.00046062850878860487,0.0023734297360970677,0.0025890890572763184,0.0030488118840505517,0.030759561403281184,0.04000993022625402,0.8842573372669238
100,0.03718673924847551,0.0004793748376838227,0.0023744327208725,0.0026118970732628075,0.003104867127289592,0.031686696411120194,0.04168286696886186,0.8808731256124331
101,0.037838807683318224,0.0004984550281157035,0.002374464900289675,0.002630692576163244,0.0031576719343640743,0.0326116335455114,0.0433967797887149,0.8774914945435228
102,0.03845884250433326,0.0005178384128675461,0.002367358024110979,0.0026459881290222123,0.0032069898719092457,0.033532305517385036,0.04515087771737701,0.874119799822994
103,0.03904233203131957,0.0005375077247046728,0.0023571283671661018,0.0026572916639279634,0.003252629628959751,0.03444681539131928,0.04694425959708762,0.8707620355955143
104,0.03958538963874632,0.0005574435172392649,0.002348505025750936,0.002664275670890581,0.0032944038721984398,0.03535317218131541,0.04877581694703016,0.8674209931468287
105,0.04009237352245251,0.0005776085258851645,0.0023317647241097644,0.0026679244014427015,0.0033320871522914807,0.036249277634692406,0.05064444137096031,0.8641045226681653
106,0.04055663317464789,0.0005979915438366882,0.0023164191103786282,0.0026673568459603596,0.0033656038166625687,0.03713339908206708,0.05254885677222734,0.860813739654219
107,0.04098273672340113,0.0006185546653820113,0.002291984196162531,0.0026634606891056643,0.0033948416373988564,0.038003690176369696,0.05448781981777819,0.8575569120944017
108,0.04136419206155319,0.0006392803757541411,0.002266729246114801,0.002655362882182971,0.003419729651528763,0.03885847130377221,0.056459891493500725,0.8543363429855926
109,0.041700672481925716,0.0006601396161427876,0.002240916016721761,0.002643282739829574,0.003440131854974245,0.03969586611609457,0.05846348567940818,0.8511555054949029
110,0.04199639256682037,0.0006810928330768487,0.002207823342984779,0.002628155218475519,0.00345593563804019,0.04051401261996147,0.06049694629423337,0.8480196414864071
111,0.04224320334946304,0.0007021324137904369,0.0021805408754429203,0.0026087745922115627,0.00346719783020152,0.04131155644238383,0.06255851669011842,0.8449280778063882
112,0.042450533281200874,0.0007232071713358241,0.0021426393563200178,0.002586781932215471,0.003473868490600203,0.042086934220725146,0.06464658357128479,0.8418894519763171
113,0.042610530482885906,0.0007443072470282283,0.002106100472801104,0.0025609814156594248,0.0034760183308223695,0.042838964836591456,0.06675932435671697,0.8389037728574941
114,0.042725911663213365,0.0007653961301194087,0.002067706698192125,0.002532011873512833,0.0034736101368516687,0.04356616081116525,0.06889480829147913,0.8359743943954661
115,0.04279866303229268,0.0007864418830392217,0.0020257107207289804,0.0025003342366803232,0.0034666762512390956,0.04426724182404729,0.07105106300488528,0.8331038690470864
116,0.04282559393156724,0.0008074302096890699,0.001986907050561424,0.0024654941966777174,0.003455340789729862,0.04494124803170578,0.07322606298511034,0.8302919228049582
117,0.04281341903694373,0.0008283110532233881,0.0019419076685323734,0.0024286975800545826,0.0034396595134385945,0.0455870158436432,0.07541777394221365,0.8275432153619499
118,0.042757418282815825,0.0008490830622508961,0.0018993241785538132,0.002389116712228064,0.0034198221320333533,0.0462040861588224,0.07762427696753307,0.8248568725057623
119,0.04266218882880568,0.00086970416496602,0.0018531642453861413,0.002347551475444721,0.0033959376569725384,0.04679162632288609,0.07984354200447269,0.8222362853010657
120,0.042526815071015446,0.0008901566085775604,0.0018065261368993345,0.0023038535839855325,0.0033681525801786336,0.04734911925587044,0.08207355982345088,0.8196818169400216
121,0.04235151686758073,0.0009104209892003822,0.0017618519057505551,0.0022580913808646344,0.0033366081147605327,0.047876028086626804,0.08431223059208887,0.8171932520631273
122,0.04214156850579392,0.0009304580198507015,0.0017129604530286408,0.0022111387914686177,0.003301440523554632,0.04837183996235996,0.08655752271751939,0.8147730710264242
123,0.041893905946051246,0.0009502689735430684,0.0016679818720554205,0.0021624400943567232,0.0032628736267270382,0.048836464407335585,0.08880737660515158,0.8124186884747793
124,0.04161428812332416,0.0009698143224838602,0.001619044807241769,0.002112854601844891,0.003221101269328099,0.04926977950213428,0.09105994034190792,0.8101331770317353
125,0.04130058693863503,0.0009890886106567293,0.0015718544091086009,0.0020619636750673024,0.0031763275168974646,0.049671840922568995,0.093313275134783,0.8079150627922826
126,0.04095551019936309,0.0010080699760563257,0.0015252976105764604,0.0020101723882421205,0.00312872852476704,0.05004259469229058,0.095565413102,0.8057642135067041
127,0.040582562832544675,0.0010267346320710674,0.0014769120950874244,0.001957986231755941,0.0030785034033161975,0.05038211148354085,0.09781444164838364,0.8036807476732999
128,0.04017981630652763,0.0010450842112508837,0.0014325011305665893,0.001904969180479974,0.003025892491801722,0.050690772731235886,0.10005852799055698,0.8016624359575799
129,0.039753516746373715,0.0010630852328011404,0.0013852936271480495,0.0018520558422128255,0.0029710936153346332,0.05096877199814297,0.10229587020643707,0.7997103127315496
130,0.0393017590500681,0.001080743526184076,0.0013403735623521741,0.0017987652794681738,0.002914359022736136,0.051216779852516596,0.1045248552836462,0.7978223644230281
131,0.03882764885749329,0.001098038194813376,0.0012952426239011031,0.0017454903625202026,0.0028558846092485973,0.05143522217138767,0.10674385530610488,0.7959986178745301
132,0.038332757282615836,0.0011149613288983459,0.0012505372225416489,0.0016923736678255555,0.002795866899123141,0.051624596194017776,0.10895123079288885,0.7942376766120888
133,0.03781765955822276,0.001131512297015617,0.001208358434141512,0.001639370392108461,0.002734517285556196,0.051785536879849804,0.11114541836699439,0.7925376267861112
134,0.03728634996489496,0.0011476694386926736,0.0011650166974434952,0.0015869968785667894,0.0026720354585111675,0.05191862154409834,0.11332494374049422,0.7908983662772983
135,0.036737971774298,0.0011634447336095882,0.001124204325198612,0.0015349405978266803,0.002608627191381699,0.05202475110249416,0.11548850312524982,0.7893175571499412
136,0.0361758971645634,0.0011788206909582686,0.0010829843095214143,0.001483603670500009,0.00254448558893401,0.05210461627266163,0.11763477700444572,0.7877948152984152
137,0.03560050514760248,0.0011938011735149114,0.0010431648325747872,0.0014328914159251137,0.0024797910858668404,0.05215904794469367,0.11976253136486087,0.786328267034961
138,0.03501330764774812,0.0012083848058589445,0.0010050177360409892,0.001382901307616483,0.00241471528324346,0.05218883319781788,0.12187054909633913,0.784916290925335
139,0.034417124231735666,0.0012225619440392815,0.0009665382828548623,0.001333939456086646,0.00234942763594265,0.05219476993572038,0.12395770251113893,0.7835579360024814
140,0.03381139191302629,0.0012363461562303456,0.0009309010684614999,0.0012857444903101969,0.0022840959627549715,0.05217780161968085,0.12602294293184105,0.7822507758576941
141,0.033199385849753855,0.0012497255325790689,0.0008947645833951254,0.0012386915792672506,0.0022188707090317005,0.052138821232550946,0.12806539020216412,0.7809943503112581
142,0.03258097108784241,0.0012627116190901066,0.000860365842805415,0.0011925933743503385,0.0021538990187360044,0.05207877663078613,0.1300841479606845,0.7797865344657049
143,0.03195780715037327,0.001275303278983687,0.0008269428098881768,0.0011475658697838998,0.0020893114897654265,0.05199856491229412,0.1320784162590016,0.7786260882299098
144,0.031331452881508515,0.001287501475037892,0.0007940686253200206,0.0011037129890510253,0.0020252294194574253,0.05189905612274507,0.13404741012084848,0.7775115683660315
145,0.030702024665175496,0.0012993186029861322,0.0007633303059644016,0.0010608981015212445,0.0019617660461116676,0.05178119479021236,0.13599044358752835,0.7764410239005002
146,0.030072053426766186,0.001310748355902899,0.0007325448353656624,0.0010193864824985237,0.0018990314791659884,0.05164584083341896,0.13790687496024334,0.775413519626638
147,0.029441280525770705,0.0013218067130919423,0.0007034335481185231,0.00097898199001235,0.0018371235193185504,0.051493986991690055,0.13979620955288335,0.7744271771591142
148,0.028811227138176257,0.001332493084470275,0.0006750143935672566,0.0009397918930371685,0.0017761303495003938,0.05132649506407717,0.14165795996888642,0.7734808881082846
149,0.028182708638337838,0.0013428154342752284,0.0006475399620991528,0.0009018115712896675,0.001716128477565233,0.0511442292038613,0.14349166132103677,0.7725731053915349
150,0.027556301533979775,0.0013527839517395316,0.0006215079353569104,0.0008649986105682702,0.0016571885707989513,0.050948062471442374,0.14529691312459891,0.7717022438015151
151,0.0269334520926826,0.0013623983492027582,0.0005958583607050595,0.000829457158191005,0.0015993792360206186,0.05073881950503631,0.1470733803730379,0.7708672549251234
152,0.026314130513904174,0.0013716752120580672,0.0005716737092449121,0.000795055986399965,0.0015427496550035138,0.05051739370062811,0.14882083315582229,0.7700664880669389
153,0.02569960538704283,0.00138061494051972,0.0005479931261149243,0.0007618791873572139,0.0014873544543922896,0.05028457689762213,0.150539041986466,0.769298934020485
154,0.025090157487588152,0.00138922944721761,0.0005253443022673666,0.0007298561598618885,0.0014332308052968136,0.050041175848037335,0.1522278344981889,0.7685631714515416
155,0.024486412190039848,0.0013975269729712468,0.0005037321467925642,0.000698977010548318,0.00138041221316191,0.04978795460135738,0.1538870575421589,0.7678579273229694
156,0.02388927045916621,0.001405511773237567,0.0004826101941755192,0.0006692811119758554,0.0013289298747953084,0.04952565376226938,0.15551660997151462,0.7671821328528655
157,0.02329869297196292,0.0014131987508626104,0.00046281158418777296,0.0006406584344853391,0.0012788025870216404,0.04925502422530016,0.1571164355230756,0.7665343759231038
158,0.022715660785282463,0.0014205897361610638,0.00044338604099578596,0.0006131746094284657,0.0012300496967949826,0.04897677399851531,0.1586865614498511,0.7659138036829706
159,0.022140193260388775,0.0014276981529627736,0.0004249304894234269,0.000586739951799836,0.0011826796993820098,0.04869160055793589,0.1602270095427882,0.7653191483453186
160,0.021572783675557494,0.0014345305482640956,0.0004072060739866917,0.0005613493165939735,0.0011366989302373678,0.048400160466050085,0.16173784958705759,0.7647494214022525
161,0.02101388110988729,0.001441094144079207,0.00039006307368183576,0.0005369942533382946,0.0010921091089599554,0.048103079753762636,0.163219159681164,0.7642036188751266
162,0.02046350926487055,0.0014474013509111017,0.00037390746578382734,0.0005136022828446057,0.001048903944825811,0.047800979907968444,0.16467106359129158,0.763680632191504
163,0.01992231437987323,0.0014534551878966425,0.0003581497615705448,0.0004912068542797654,0.0010070811815477178,0.04749443793590745,0.16609370418714428,0.7631796505117802
164,0.019390190846131593,0.0014592689400531602,0.0003432192114904037,0.0004697254722784329,0.0009666265478766049,0.04718403994676229,0.1674872867630022,0.7626996422724047
165,0.01886749166346634,0.001464847722789169,0.0003288381310861259,0.00044915412644851296,0.0009275285826649988,0.046870317231939546,0.1688520178611642,0.762239804680441
166,0.01835438032590332,0.0014702001936639684,0.0003150359159910348,0.00042946190776873904,0.0008897699510278056,0.04655378297167858,0.1701881116804974,0.761799257053469
167,0.017850920066652436,0.0014753361035979322,0.00030194070941005945,0.0004106060117269496,0.0008533301912954977,0.0462349339705165,0.17149580773114184,0.7613771252156589
168,0.01735739959884404,0.0014802596086743542,0.0002892592083863214,0.0003925844575176096,0.0008181917174444357,0.045914233820188756,0.17277536920937164,0.7609727023795724
169,0.016873708336732705,0.001484982572716298,0.0002772533465959119,0.00037533707266133794,0.000784326593545872,0.04559214419645386,0.1740270992592775,0.7605851486220166
170,0.016400064537529728,0.0014895090943190788,0.00026566768563357707,0.0003588586132079393,0.0007517134772667044,0.04526908487636593,0.17525129607933926,0.7602138056363371
171,0.015936436247023397,0.0014938481472140776,0.00025460329478926684,0.0003431081508891431,0.0007203238779935735,0.04494546264169107,0.17644827812772945,0.7598579395126696
172,0.015482850355981318,0.001498007152925542,0.00024406465171838876,0.00032805721634807626,0.0006901295737568661,0.04462165953710356,0.17761836671116907,0.7595168648009971
173,0.015039411306263021,0.0015019909663324484,0.0002338908722479195,0.00031369360798029266,0.0006611037946222158,0.04429803557890097,0.17876189952842872,0.7591899743452241
174,0.014605971850906486,0.0015058094558712775,0.00022428192914234678,0.0002999678164708493,0.0006332140330714369,0.04397493916675516,0.17987922687054844,0.7588765888772335
175,0.014182627800081843,0.0015094661136717865,0.0002149908588345785,0.0002868750848263738,0.0006064322011333924,0.04365269238219483,0.1809707306023292,0.7585761849569278
176,0.0137692411099757,0.0015129694615230644,0.00020614937789923627,0.0002743739734890128,0.0005807252591843584,0.04333160128895245,0.1820367826708604,0.7582881568581159
177,0.013365791652057087,0.0015163249868714221,0.00019770101652222038,0.000262444970728447,0.0005560623286831737,0.043011949521759484,0.18307775741331894,0.7580119681100588
178,0.01297225073330661,0.001519537823608034,0.000189576675754399,0.0002510700831478081,0.0005324126390781495,0.042694004259482395,0.1840940383230316,0.7577471094625907
179,0.012588457039640845,0.0015226158181911372,0.0001818834794830744,0.00024021274958621668,0.0005097425369112312,0.04237801926281904,0.1850860185362481,0.7574930505771204
180,0.012214414450243455,0.001525562019036427,0.00017446353119331937,0.0002298655395892705,0.00048802290253716595,0.04206422662119322,0.18605409356735791,0.7572493513688496
181,0.011849940632868589,0.0015283840637675759,0.00016740928880683975,0.00021999415707382969,0.00046721992631159964,0.041752848335413685,0.18699867494997213,0.7570155286457856
182,0.011494956979841422,0.0015310859446236928,0.00016065117773899625,0.00021058272003633642,0.0004473033806904662,0.04144408478345886,0.1879201708468679,0.7567911641667421
183,0.011149350468447167,0.0015336727197433468,0.00015417623312848853,0.0002016114291761516,0.00042824214515421825,0.041138123082539065,0.18881898598285807,0.7565758379389531
184,0.010812965354091528,0.0015361503713500642,0.00014802215860066487,0.0001930556954613337,0.0004100044406731028,0.040835138016126725,0.18969552892985003,0.7563691350338462
185,0.010485715088274885,0.0015385217115581181,0.0001421024294605704,0.00018490390043288972,0.00039256210773242064,0.04053528710594556,0.19055021087372648,0.756170696782869
186,0.010167408307847287,0.001540793232373856,0.00013647637567086316,0.00017713009441242992,0.0003758832449287224,0.04023871874975961,0.19138345165290233,0.7559801383421052
187,0.009857935457863065,0.0015429678146877037,0.00013107828342179352,0.00016972217704614627,0.00035994036273570324,0.039945564865784974,0.19219566371542815,0.7557971273230321
188,0.009557132966290795,0.0015450501988035726,0.00012591782545742615,0.0001626611068842037,0.00034470431653172676,0.03965594680668109,0.19298726164875382,0.7556213251305971
189,0.009264841097451437,0.0015470448029235037,0.0001210006760044916,0.000155929440387331,0.00033014683440788786,0.03936997433903699,0.19375865504763218,0.7554524077621564
190,0.008980928068185949,0.0015489542589990901,0.00011627615235118884,0.00014951569857896886,0.000316242042378258,0.03908774446311094,0.19451025522650245,0.7552900840898932
191,0.008705202856156705,0.0015507838563139124,0.00011178736490351937,0.00014339989245869118,0.00030296188294420454,0.03880934671734536,0.19524247003787945,0.7551340473919984
192,0.008437529750964701,0.001552535705109746,0.00010747525404409362,0.00013757241396499442,0.00029028213346072196,0.03853485705588453,0.19595571151877283,0.7549840361677976
193,0.008177726021694599,0.0015542140746433745,0.0001033598823606638,0.00013201665030173042,0.0002781768980406378,0.03826434339767617,0.1966503852005196,0.7548397778747633
194,0.007925630733268277,0.0015558221312701123,9.943000520040837e-05,0.00012672016164854135,0.00026662203978814933,0.037997864088358924,0.1973268912869627,0.7547010195535026
195,0.007681091693885652,0.0015573623427920674,9.56572418322147e-05,0.00012167273860507516,0.00025559480184986276,0.037735468487093436,0.19798562775141598,0.7545675249425255
196,0.007443917893224515,0.001558838870112831,9.20712973006171e-05,0.00011685858739537816,0.00024507135394212444,0.037477198794654165,0.1986269894836254,0.7544390537197445
197,0.007213964658318292,0.0015602533001391444,8.862465048025776e-05,0.00011227037717260487,0.00023503103008657512,0.03722308709050704,0.19925137158152684,0.7543153973117689
198,0.006991047568727718,0.0015616093608191168,8.533792852351297e-05,0.00010789445562172966,0.0002254516951731817,0.036973159950739104,0.1998591614033942,0.7541963376370012
199,0.006775006323100287,0.0015629092606190694,8.219320514255656e-05,0.00010372165723819433,0.00021631334316899896,0.036727435571679734,0.20045074332045956,0.7540816773185915
200,0.006565680018046496,0.001564155286361978,7.91780356462068e-05,9.974293271126241e-05,0.00020759653715914734,0.036485925945464334,0.20102649539125825,0.7539712258533523
