simDay,A,D,E,I1,I2,R1,R2,S
1,0.0,0.0,0.0,0.0,0.0,0.0,0.0,0.9999999999999999
2,0.0,0.0,1.4382286256356946e-08,0.0,0.0,0.0,0.0,0.9999999865463938
3,5.60884074485015e-07,3.9703165171651303e-13,8.265540927470355e-07,8.543449618086673e-08,7.807039870706692e-09,1.4062732536413744e-08,2.368696064336358e-10,0.9999985050202975
4,2.1413206193676344e-06,1.091199511189342e-11,1.7937283109142455e-06,3.0965118215345264e-07,5.047595473750572e-08,9.946913770527839e-08,3.3866284651773934e-09,0.9999956019572547
5,4.774511442023459e-06,7.084030724958696e-11,2.8842944757263583e-06,6.56478231942839e-07,1.5289535248957258e-07,3.266434427555721e-07,1.6505241495468824e-08,0.9999911886009732
6,8.530314402980374e-06,2.625449701334816e-10,3.970042581674169e-06,1.1188184037578132e-06,3.3382400711332574e-07,7.692786037028394e-07,5.1556869766293956e-08,0.999985225902586
7,1.3455200705399822e-05,7.074447986352492e-10,5.048836901376857e-06,1.6944317140503422e-06,5.990814430313648e-07,1.4883802062384076e-06,1.2476432437933254e-07,0.9999775885972604
8,1.9435047068806073e-05,1.5813993332422488e-09,6.522448249169092e-06,2.3427442132624737e-06,9.7134943042247e-07,2.5734546440229413e-06,2.5745403945608077e-07,0.9999678959209557
9,2.67339566526646e-05,3.07800223484589e-09,8.013379333969234e-06,3.1000651430200523e-06,1.4507096595238362e-06,4.089157746590176e-06,4.7617619887706343e-07,0.9999561334772633
10,3.55534557483097e-05,5.425135469696343e-09,9.418581382704486e-06,3.993509388050251e-06,2.0359808511040573e-06,6.099449230172452e-06,8.121992993694844e-07,0.9999420813989647
11,4.555598488749994e-05,8.883600785150907e-09,1.1439959626686232e-05,4.944558171959673e-06,2.751829055968647e-06,8.703605083804841e-06,1.3013840597305115e-06,0.9999252937955135
12,5.712729826278837e-05,1.3713580878959129e-08,1.3769086605155049e-05,6.008853565057946e-06,3.598626666775998e-06,1.1974086862653786e-05,1.984693561608444e-06,0.9999055236408952
13,7.10492716688652e-05,2.0194181270559377e-08,1.5555832111681076e-05,7.312062317127225e-06,4.5681699977854825e-06,1.597813802568504e-05,2.911564840850049e-06,0.9998826047668566
14,8.659071966582237e-05,2.8642000963150926e-08,1.8125322933111387e-05,8.701115673587943e-06,5.698961804348262e-06,2.084534333564016e-05,4.133668192198172e-06,0.9998558762263942
15,0.0001040773362924701,3.9372522950632393e-08,2.1227570331852853e-05,1.021423500017942e-05,7.000684179229503e-06,2.6675983903154704e-05,5.7113193024213606e-06,0.9998250534984677
16,0.00012408985596954277,5.271380472567889e-08,2.4397104427396564e-05,1.1937922257249573e-05,8.472379804404093e-06,3.356348492821922e-05,7.712384889694323e-06,0.9997897741539186
17,0.00014708552685671058,6.90316598307895e-08,2.6117973622837935e-05,1.3937076605943727e-05,1.0115918357182898e-05,4.160320721106286e-05,1.0211600269215559e-05,0.9997508596654172
18,0.0001712304744758926,8.870227798234824e-08,3.006014588787527e-05,1.587336843251846e-05,1.1976159228984998e-05,5.095179008780017e-05,1.3288907876557551e-05,0.9997065304517323
19,0.00019856913722983066,1.1209114965566703e-07,3.4484715000224985e-05,1.8088385144682237e-05,1.4028356411792668e-05,6.167427942897958e-05,1.7033553571374844e-05,0.9996560094820636
20,0.00022975950932864608,1.395922470678565e-07,3.950629578477498e-05,2.065460171168549e-05,1.630858755417546e-05,7.392685778275719e-05,2.153986687983402e-05,0.9995981646887107
21,0.0002654303040723445,1.7162448057029087e-07,4.557868378759152e-05,2.361956789392926e-05,1.887411411487615e-05,8.79432874292973e-05,2.692304048693029e-05,0.9995314593777342
22,0.0003064956317946847,2.08670814831613e-07,5.263945816032829e-05,2.707602435154883e-05,2.1782733498351957e-05,0.00010396763654558771,3.330418293772511e-05,0.999454525661897
23,0.00035403456869914743,2.5130250598424626e-07,6.0568898390424594e-05,3.1133535733358095e-05,2.5098415831155265e-05,0.0001223061795056181,4.082918249194705e-05,0.9993657779168421
24,0.00040875414059900417,3.0021951571551283e-07,6.991840798854809e-05,3.582191643497569e-05,2.8907305883455846e-05,0.0001433322581293376,4.9664827529210044e-05,0.9992633009239197
25,0.0004718149546404367,3.5624163659385705e-07,8.085170074693237e-05,4.124095546663883e-05,3.329414646837893e-05,0.000167464966613078,6.000352330447137e-05,0.9991449735111234
26,0.0005447736924121808,4.203408508566749e-07,9.326691433108453e-05,4.754733282498128e-05,3.834736508129157e-05,0.00019517911865235448,7.206745115552421e-05,0.9990083977846915
27,0.0006289154847973062,4.936747238916501e-07,0.00010770320533761827,5.482945226419978e-05,4.41819031257466e-05,0.00022704171720770553,8.611193897797888e-05,0.9988507226235654
28,0.000726076593357895,5.776163713771027e-07,0.00012435102917898237,6.325330473682591e-05,5.091985744548782e-05,0.00026370217295711954,0.00010243615262419398,0.998668683273328
29,0.0008382840114718521,6.737720686565102e-07,0.0001435396180161473,7.299472107220981e-05,5.870319877871479e-05,0.0003059117999094852,0.00012138499762745576,0.9984585078810556
30,0.0009678025497424025,7.840113936768319e-07,0.00016573436369790253,8.424388712020588e-05,6.76967942537243e-05,0.0003545387908354091,0.00014335644362783106,0.9982158431593288
31,0.0011173402478657226,9.104982439995496e-07,0.00019133241779058612,9.723909406079829e-05,7.80862235371911e-05,0.0004105776511697285,0.00016880920489576506,0.9979357046624362
32,0.0012899587632736894,1.0557479446432768e-06,0.00022087136118007552,0.00011224380614958092,9.008725816265378e-05,0.0004751798481020562,0.00019827416958565977,0.9976123290456015
33,0.0014886061548268176,1.2227322819803429e-06,0.00024984363557837,0.00012945870016066682,0.00010395753565722827,0.0005497093434171641,0.0002323745203095294,0.9972448273777682
34,0.001662309289359113,1.4147712003417597e-06,0.00020836751824702444,0.0001409991543794423,0.0001190117447471151,0.0006340336256731677,0.0002717298214333239,0.9969621340749604
35,0.0018076778624665966,1.6347344363285268e-06,0.00021530909811774552,0.00014747821822467367,0.00013371353106978056,0.0007254672473335632,0.00031692648550367826,0.9966517928228471
36,0.0019571525359549907,1.883637461944919e-06,0.00023219204341401,0.00015451092434639506,0.00014772855826832433,0.0008228576425125054,0.00036838597780103897,0.996315288680241
37,0.0021181737635815614,2.16109598926718e-06,0.0002510440058861386,0.00016314189587560195,0.00016138441612669897,0.0009262269769532453,0.0004265009475132253,0.9959513668980744
38,0.0022919162055666394,2.4659350401395805e-06,0.00027166596745603925,0.00017329494731884535,0.00017511243535067985,0.001035953639637906,0.000491665973605279,0.9955579248960243
39,0.002479872761386896,2.797395291668223e-06,0.00029371081128938976,0.0001849950187789633,0.00018921844027464314,0.0011525573454129092,0.0005643269353772828,0.9951325212921885
40,0.0026832155275758217,3.154683729527771e-06,0.000317283709972162,0.00019822159957790946,0.0002039798597645432,0.001276626250992121,0.0006449478394872326,0.9946725705289008
41,0.0029026952881506278,3.537865295966495e-06,0.0003431340229969329,0.0002128801883123545,0.00021966425544755406,0.0014088514428416393,0.0007340448819370576,0.9941751920550181
42,0.003139951230381761,3.947123090431716e-06,0.0003710672677415995,0.00022905382988262554,0.00023647055006097191,0.0015499601785088173,0.0008321705905905135,0.9936373792297434
43,0.0033949819464725007,4.389342115827524e-06,0.0003980312666450026,0.0002465961990815037,0.00025453523033692094,0.001700746769610383,0.0009399322625354297,0.9930607869832025
44,0.00366328092178362,4.89735009365727e-06,0.0004210116237946797,0.0002648427835237282,0.00027373833716568625,0.0018617988016779888,0.0010579822411394128,0.9924524479408214
45,0.003938823749326718,5.523184052796774e-06,0.0004396136016863392,0.0002831264663131375,0.0002937095681443282,0.0020332466442849273,0.0011869875278523406,0.9918189692583395
46,0.004216173587403694,6.324325903622554e-06,0.00045359927678515437,0.00030102871797036096,0.00031396966063836865,0.0022147423075582835,0.001327587235482747,0.9911665748882574
47,0.004490235366063911,7.357866960040927e-06,0.0004644766406608832,0.000318264601221084,0.00033402704055528567,0.0024055397727952782,0.0014803563513214619,0.9904997423604218
48,0.004759788324532956,8.664006906074102e-06,0.00047361196438818723,0.0003351328752149022,0.0003535191108245505,0.0026046162634589297,0.0016457822949058226,0.9898188851597682
49,0.005023279870332862,1.0268613977797454e-05,0.00048474762038126345,0.00035173277152305096,0.0003723060164582356,0.002810978431400309,0.0018242428131717318,0.9891224438627545
50,0.005283382965643099,1.2177295789796215e-05,0.0004968836227321995,0.000368714977521903,0.000390413354956364,0.003023690221441527,0.0020160338608405286,0.9884087037010747
51,0.0055421748973112665,1.4384155814310352e-05,0.0005112203511727771,0.0003864677197246584,0.00040804974902039514,0.003242085536698375,0.0022213770734192655,0.9876742405168389
52,0.0058031246677025675,1.6871798666428943e-05,0.0005293147505999833,0.00040547236177209024,0.00042554050066291095,0.003465770487695611,0.0024404471632199624,0.9869134582696806
53,0.006071066349321043,1.9610176176280457e-05,0.0005504448017776774,0.0004262692530454064,0.0004433478600983058,0.0036947366216097503,0.002673400973830303,0.9861211239641409
54,0.006349191064197485,2.25699702386514e-05,0.0005743279367927296,0.00044905091590461587,0.0004619690610441093,0.003929326326257684,0.0029204045916147504,0.9852931601339499
55,0.006639055912607835,2.5734258530389287e-05,0.0006020917099909144,0.00047377312158071477,0.0004817612669849661,0.004170227803659489,0.003181683620850645,0.9844256723057948
56,0.006944033737469085,2.9085722686568842e-05,0.000631187805778214,0.0005007076830242212,0.000503044835040832,0.004418123773399356,0.003457506509692723,0.9835163099329091
57,0.007265959092761442,3.261535921139376e-05,0.0006613412618633263,0.0005298973140374331,0.000526073720703845,0.004673872088897985,0.0037482043765976985,0.9825620367859266
58,0.007603959939675959,3.632256772873681e-05,0.0006966779599787551,0.0005609468442773185,0.0005510797414559907,0.004938505107955753,0.004054177412602009,0.9815583304263252
59,0.007963496876936838,4.02032472999357e-05,0.0007306092822429158,0.000594580865769854,0.0005781611691731824,0.0052129089363507665,0.0043759000583271385,0.9805041395638989
60,0.008341865007013458,4.4266163846505685e-05,0.0007702613565103792,0.0006301280949194319,0.000607511431981768,0.005498277274070539,0.004713909994816165,0.9793937806768416
61,0.008743918691709748,4.851366494050714e-05,0.0008100015632399383,0.0006682423479163945,0.0006391912172701293,0.005795606989777458,0.005068828320593763,0.9782256972045514
62,0.009169869608680827,5.295597616697224e-05,0.0008520147631077894,0.0007087842221942508,0.0006733208976459026,0.006106077088339101,0.00544134401591516,0.9769956334279498
63,0.00961917590418999,5.760613903429671e-05,0.0008997688352983484,0.0007514927093124792,0.0007100269050848405,0.006430924069099201,0.005832221218890971,0.9756987842190898
64,0.010098040415547512,6.247009595713626e-05,0.0009453926041122656,0.0007972822262629396,0.0007493326665582063,0.006771202968102353,0.006242306528388584,0.9743339724950706
65,0.010602127074408715,6.75688257769576e-05,0.0009987938025108696,0.0008452459049213229,0.0007914211743024831,0.007128332704730903,0.006672509990805919,0.9728940005225429
66,0.01113799513614643,7.291031977373536e-05,0.0010515876912420299,0.0008963685465777513,0.0008363154667482967,0.007503422767237207,0.007123836897405538,0.9713775631748687
67,0.011701471414757513,7.852427093165016e-05,0.0011008360701835337,0.0009491267766745773,0.0008844331595606133,0.007898025888688745,0.007597422482913246,0.96979015993629
68,0.01228464169318237,8.443644335453584e-05,0.0011464746232388366,0.001001756199065873,0.0009356461704191823,0.008312898680123262,0.008094412232943151,0.9681397339576724
69,0.012885675303909957,9.066022671498143e-05,0.0011924863782706108,0.0010543374908366704,0.000989360857620875,0.00874804909112037,0.008615839716418754,0.9664235909351075
70,0.013504733830514565,9.720793043943518e-05,0.0012396170401518867,0.0011071340579678266,0.001045179378349636,0.009203478494723695,0.009162712347166578,0.9646399369206862
71,0.014142606048631828,0.00010409001328680326,0.001288035431739289,0.001160467820653256,0.001102815201570556,0.00967919080717554,0.009736009381862332,0.9627867852950801
72,0.014799621836548257,0.00011131616809255981,0.0013371962178403206,0.0012144199681265377,0.0011621772283621366,0.010175307240496497,0.010336686069613663,0.9608632752709197
73,0.015475879234596623,0.00011889533305875937,0.0013873691589586282,0.001269093740370809,0.0012231319731816435,0.01069191330594692,0.010965686813412503,0.9588680304404733
74,0.01617147875748158,0.00012683476879897737,0.001438765983980915,0.0013245459256436907,0.0012856349979267717,0.011229152906470452,0.011623931776812688,0.9567996548828844
75,0.016886685393237948,0.0001351445381805549,0.0014903635781432078,0.0013808242882841076,0.001349631093913862,0.01178716718437709,0.012312350925763037,0.9546578329980999
76,0.017621540269450984,0.0001438326387752199,0.0015419722149453503,0.0014379765270317384,0.0014150666798153776,0.01236607695760508,0.013031853052844298,0.952441681659532
77,0.018374853061159577,0.0001529067487654502,0.0015941466122776963,0.0014957901423011757,0.0014819363922121186,0.012966050543847083,0.013783359567226854,0.9501509569322097
78,0.019146084456205272,0.00016237551286201593,0.0016464460479871424,0.001554188838168679,0.0015501894338137221,0.013587157035711105,0.014567808499605657,0.9477857501756463
79,0.019934569731237212,0.0001722470806185901,0.0016984955082655132,0.0016130905207867793,0.001619762356631176,0.014229411983281391,0.015386132925099636,0.9453462898940794
80,0.020739074544415797,0.00018252959450635776,0.0017501090863066102,0.0016723102196449012,0.0016905868017227598,0.01489279109996172,0.01623926212636101,0.9428333365270806
81,0.021558201636732555,0.00019323084383190525,0.001801027676024262,0.0017316561836017458,0.0017625643791662918,0.01557718091875754,0.017128109192723295,0.940248029169163
82,0.0223902348896666,0.00020435789353230068,0.0018513519644263075,0.00179091933669994,0.001835563789586595,0.016282365618667263,0.0180535598171882,0.9375916466902322
83,0.023234133434035454,0.00021591712636677955,0.0019002188501097968,0.0018500067662995529,0.0019094520105061707,0.017008048261448125,0.019016471771079107,0.9348657517801555
84,0.024087535187079297,0.00022791451937674464,0.0019477487162560707,0.0019085991838848654,0.0019840887098692686,0.017753857331211556,0.02001767796985873,0.9320725783824626
85,0.02494858818450097,0.00024035432098013434,0.0019942380168906327,0.00196654892201765,0.0020592806557467353,0.018519265380474045,0.02105794678530452,0.9292137777340851
86,0.025815322830885397,0.0002532383125051803,0.0020400518078909353,0.0020237205128682038,0.0021348163911128868,0.019303617269294866,0.022137977864783887,0.9262912550106582
87,0.02668699002688865,0.00026657153046388273,0.00208247185139626,0.0020800363660893524,0.002210556136208779,0.020106281640991725,0.023258490028947826,0.9233086024190129
88,0.027560200887334574,0.00028035537135278943,0.00212202255682597,0.002135046984589618,0.0022863259684875997,0.020926511406214956,0.024420124881198525,0.9202694119439957
89,0.02843142493505588,0.0002945880802191629,0.0021608480002893505,0.0021884266711804587,0.0023618694440484694,0.021763326843460773,0.025623402967619575,0.9171761130581261
90,0.02929941944871151,0.00030927087418396,0.0021958727234996445,0.0022400663132014164,0.0024369592127057374,0.022615722232068473,0.026868860621434353,0.9140338285741946
91,0.030160576884930335,0.0003244007222815465,0.002228133646986362,0.0022895904197712596,0.0025113318229199205,0.023482519192337178,0.028156904523762478,0.9108465427870108
92,0.031011730272764427,0.00033997201784952174,0.002258677050345843,0.0023367541715221497,0.002584696549808244,0.024362352900553476,0.029487809938973944,0.9076180070981822
93,0.031852409645208954,0.00035597810050129854,0.002285819928854847,0.002381771153670879,0.0026567595923706784,0.025253762945653072,0.030861758478599538,0.9043517401551404
94,0.03267956632677529,0.0003724126787799667,0.002308517166664409,0.0024242452300549697,0.00272735720900109,0.026155423595493808,0.032278925563240635,0.9010535522299893
95,0.033489584845751395,0.0003892668876374835,0.002327400638564622,0.002463806583649767,0.0027962236526387664,0.027065803576073737,0.033739358022758736,0.8977285557929249
96,0.03427767814812588,0.00040652763788307373,0.0023463606895645886,0.0025000094087499667,0.0028630684173286216,0.027983154408825508,0.035242880785234805,0.8943803205042875
97,0.03504608340697924,0.0004241842204309898,0.002357442327202085,0.00253339489241323,0.0029276081107793978,0.028905759481220834,0.03678939152038445,0.8910161360405894
98,0.0357879856295117,0.000442223430013831,0.0023662627924348227,0.0025630917152669476,0.0029896225294985365,0.029831885179854023,0.038378567137143285,0.8876403615862766
99,0.036501211917327914,0.0004606285087886033,0.002373429736096917,0.002589089057276281,0.003048811884050508,0.030759561403280993,0.040009930226253945,0.8842573372669246
100,0.037186739248475015,0.0004793748376838211,0.002374432720872817,0.002611897073262762,0.0031048671272895494,0.03168669641111999,0.04168286696886177,0.8808731256124338
101,0.037838807683318286,0.0004984550281157005,0.0023744649002895584,0.0026306925761633115,0.003157671934364028,0.03261163354551116,0.04339677978871478,0.8774914945435232
102,0.03845884250433326,0.000517838412867543,0.0023673580241116267,0.0026459881290222874,0.00320698987190921,0.03353230551738475,0.04515087771737681,0.8741197998229939
103,0.039042332031320334,0.0005375077247046682,0.002357128367166321,0.0026572916639281768,0.0032526296289597384,0.03444681539131904,0.04694425959708739,0.8707620355955137
104,0.03958538963874748,0.00055744351723926,0.002348505025751409,0.002664275670890871,0.003294403872198463,0.03535317218131519,0.04877581694702989,0.8674209931468275
105,0.040092373522454275,0.0005776085258851586,0.0023317647241104657,0.002667924401443092,0.0033320871522915544,0.03624927763469225,0.050644441370959976,0.8641045226681632
106,0.040556633174650664,0.0005979915438366815,0.002316419110379098,0.002667356845960918,0.0033656038166627023,0.03713339908206704,0.05254885677222699,0.8608137396542153
107,0.04098273672340425,0.0006185546653820048,0.0022919841961641283,0.00266346068910629,0.0033948416373990654,0.03800369017636985,0.054487819817777734,0.8575569120943967
108,0.04136419206155799,0.0006392803757541334,0.0022667292461154972,0.002655362882183871,0.003419729651529057,0.038858471303772534,0.05645989149350022,0.8543363429855861
109,0.041700672481931315,0.0006601396161427817,0.0022409160167232295,0.0026432827398305612,0.00344013185497466,0.03969586611609517,0.0584634856794077,0.8511555054948945
110,0.04199639256682719,0.0006810928330768437,0.0022078233429861384,0.002628155218476675,0.0034559356380407242,0.040514012619962424,0.06049694629423288,0.848019641486397
111,0.04224320334947142,0.000702132413790433,0.002180540875443884,0.002608774592212924,0.0034671978302021856,0.04131155644238522,0.06255851669011794,0.8449280778063757
112,0.0424505332812099,0.0007232071713358243,0.00214263935632225,0.002586781932216894,0.0034738684906010153,0.042086934220727026,0.06464658357128439,0.8418894519763026
113,0.04261053048289698,0.0007443072470282303,0.0021061004728023676,0.002560981415661126,0.003476018330823331,0.04283896483659386,0.06675932435671669,0.8389037728574776
114,0.04272591166322531,0.000765396130119417,0.002067706698194279,0.0025320118735145986,0.0034736101368527967,0.043566160811168285,0.06889480829147891,0.8359743943954464
115,0.042798663032306485,0.0007864418830392344,0.0020257107207304857,0.002500334236682297,0.0034666762512403832,0.044267241824050986,0.07105106300488534,0.8331038690470646
116,0.04282559393158221,0.0008074302096890897,0.001986907050563224,0.002465494196679783,0.003455340789731318,0.04494124803171022,0.0732260629851107,0.8302919228049336
117,0.04281341903695986,0.0008283110532234165,0.0019419076685345232,0.0024286975800567297,0.0034396595134402203,0.04558701584364844,0.07541777394221433,0.8275432153619218
118,0.042757418282833616,0.0008490830622509316,0.0018993241785554933,0.0023891167122303803,0.0034198221320351366,0.04620408615882846,0.07762427696753417,0.8248568725057318
119,0.04266218882882433,0.0008697041649660667,0.0018531642453886456,0.002347551475447076,0.0033959376569744804,0.046791626322892986,0.07984354200447419,0.822236285301032
120,0.04252681507103596,0.0008901566085776166,0.001806526136901095,0.002303853583988068,0.0033681525801807334,0.04734911925587822,0.08207355982345287,0.8196818169399851
121,0.04235151686760218,0.0009104209892004513,0.001761851905752772,0.002258091380867197,0.003336608114762785,0.04787602808663554,0.08431223059209153,0.8171932520630872
122,0.042141568505816615,0.000930458019850783,0.0017129604530308302,0.00221113879147125,0.003301440523557036,0.048371839962369614,0.08655752271752258,0.8147730710263815
123,0.04189390594607518,0.0009502689735431634,0.0016679818720573272,0.002162440094359437,0.003262873626729577,0.048836464407346215,0.0888073766051556,0.8124186884747333
124,0.04161428812334885,0.0009698143224839705,0.001619044807244276,0.002112854601847606,0.003221101269330771,0.049269779502145866,0.09105994034191266,0.810133177031686
125,0.041300586938661246,0.0009890886106568534,0.0015718544091104804,0.002061963675070129,0.0031763275169002566,0.04967184092258157,0.09331327513478874,0.807915062792231
126,0.04095551019938996,0.0010080699760564675,0.0015252976105788055,0.002010172388244923,0.0031287285247699526,0.05004259469230415,0.09556541310200645,0.805764213506649
127,0.040582562832572625,0.0010267346320712249,0.0014769120950894096,0.00195798623175879,0.00307850340331921,0.05038211148355541,0.09781444164839118,0.8036807476732425
128,0.04017981630655641,0.0010450842112510591,0.0014325011305685756,0.0019049691804828264,0.00302589249180483,0.05069077273125143,0.10005852799056557,0.8016624359575193
129,0.03975351674640308,0.0010630852328013347,0.0013852936271502557,0.0018520558422156438,0.002971093615337828,0.05096877199815942,0.10229587020644675,0.7997103127314856
130,0.03930175905009838,0.0010807435261842877,0.0013403735623540775,0.0017987652794710248,0.002914359022739397,0.051216779852534,0.104524855283657,0.7978223644229614
131,0.03882764885752405,0.0010980381948136077,0.0012952426239033138,0.0017454903625230048,0.002855884609251922,0.05143522217140606,0.10674385530611692,0.7959986178744606
132,0.03833275728264742,0.0011149613288985955,0.001250537222543429,0.0016923736678283734,0.002795866899126521,0.05162459619403703,0.10895123079290221,0.7942376766120162
133,0.03781765955825472,0.0011315122970158877,0.0012083584341434363,0.0016393703921112263,0.002734517285559618,0.051785536879869976,0.11114541836700907,0.7925376267860358
134,0.037286349964927315,0.0011476694386929641,0.0011650166974454328,0.001586996878569511,0.002672035458514625,0.05191862154411936,0.11332494374051034,0.7908983662772207
135,0.03673797177433083,0.0011634447336098985,0.0011242043252003334,0.0015349405978293787,0.002608627191385176,0.052024751102516004,0.11548850312526743,0.7893175571498606
136,0.0361758971645964,0.0011788206909586,0.0010829843095233843,0.001483603670502637,0.002544485588937499,0.052104616272684236,0.11763477700446474,0.7877948152983322
137,0.03560050514763595,0.0011938011735152618,0.001043164832576389,0.0014328914159277243,0.002479791085870337,0.05215904794471707,0.11976253136488141,0.7863282670348756
138,0.03501330764778165,0.001208384805859316,0.0010050177360427432,0.0013829013076190168,0.002414715283246951,0.05218883319784201,0.12187054909636122,0.7849162909252468
139,0.03441712423176937,0.001222561944039673,0.0009665382828564917,0.0013339394560891256,0.0023494276359461294,0.052194769935745164,0.12395770251116259,0.7835579360023915
140,0.03381139191306006,0.001236346156230757,0.0009309010684630108,0.0012857444903126198,0.002284095962758427,0.052177801619706345,0.12602294293186628,0.7822507758576025
141,0.03319938584978754,0.0012497255325795013,0.0008947645833967623,0.001238691579269592,0.0022188707090351313,0.05213882123257703,0.12806539020219102,0.7809943503111627
142,0.03258097108787624,0.0012627116190905587,0.0008603658428068303,0.0011925933743526353,0.0021538990187394014,0.05207877663081281,0.13008414796071313,0.7797865344656081
143,0.03195780715040691,0.0012753032789841593,0.0008269428098896927,0.0011475658697861144,0.002089311489768782,0.051998564912321285,0.13207841625903183,0.7786260882298109
144,0.03133145288154212,0.0012875014750383833,0.000794068625321335,0.0011037129890531876,0.0020252294194607365,0.05189905612277277,0.1340474101208805,0.777511568365931
145,0.030702024665208938,0.001299318602986643,0.000763330305965714,0.0010608981015233323,0.0019617660461149285,0.05178119479024057,0.13599044358756196,0.7764410239003982
146,0.030072053426799344,0.001310748355903429,0.0007325448353669991,0.0010193864825005323,0.0018990314791691935,0.051645840833447566,0.13790687496027865,0.7754135196265342
147,0.029441280525803692,0.00132180671309249,0.0007034335481197195,0.0009789819900142994,0.0018371235193216965,0.051493986991719046,0.13979620955292055,0.7744271771590083
148,0.02881122713820891,0.0013324930844708415,0.0006750143935685164,0.0009397918930390392,0.0017761303495034753,0.05132649506410648,0.14165795996892522,0.7734808881081773
149,0.028182708638370267,0.0013428154342758124,0.0006475399621002374,0.0009018115712914831,0.0017161284775682462,0.05114422920389101,0.14349166132107732,0.7725731053914253
150,0.027556301534011805,0.001352783951740133,0.0006215079353580123,0.0008649986105700087,0.0016571885708018953,0.05094806247147235,0.14529691312464138,0.7717022438014037
151,0.02693345209271428,0.0013623983492033768,0.00059585836070613,0.0008294571581926753,0.0015993792360234904,0.05073881950506653,0.1470733803730822,0.7708672549250112
152,0.026314130513935465,0.0013716752120587015,0.0005716737092458903,0.0007950559864015728,0.0015427496550063106,0.05051739370065857,0.14882083315586828,0.7700664880668253
153,0.02569960538707367,0.001380614940520372,0.0005479931261159464,0.0007618791873587491,0.0014873544543950088,0.05028457689765277,0.1505390419865137,0.7692989340203695
154,0.02509015748761863,0.0013892294472182766,0.000525344302268254,0.0007298561598633697,0.001433230805299456,0.05004117584806814,0.1522278344982383,0.7685631714514254
155,0.02448641219006981,0.0013975269729719292,0.0005037321467934675,0.00069897701054973,0.0013804122131644754,0.04978795460138835,0.1538870575422102,0.767857927322852
156,0.023889270459195734,0.0014055117732382635,0.00048261019417636034,0.0006692811119772078,0.0013289298747977943,0.049525653762300455,0.1555166099715674,0.7671821328527465
157,0.02329869297199192,0.0014131987508633206,0.0004628115841885635,0.0006406584344866333,0.0012788025870240469,0.049255024225331255,0.1571164355231302,0.7665343759229837
158,0.022715660785310933,0.0014205897361617885,0.00044338604099659,0.0006131746094296965,0.0012300496967973106,0.048976773998546504,0.15868656144990756,0.7659138036828497
159,0.02214019326041678,0.001427698152963511,0.0004249304894241457,0.0005867399518010165,0.0011826796993842583,0.048691600557967084,0.1602270095428463,0.7653191483451968
160,0.021572783675584965,0.0014345305482648474,0.00040720607398741837,0.0005613493165950971,0.0011366989302395362,0.0484001604660813,0.16173784958711745,0.7647494214021298
161,0.021013881109914236,0.0014410941440799706,0.00039006307368248715,0.0005369942533393691,0.0010921091089620466,0.048103079753793826,0.16321915968122525,0.7642036188750025
162,0.020463509264896942,0.0014474013509118773,0.0003739074657844637,0.0005136022828456277,0.0010489039448278255,0.047800979907999586,0.16467106359135444,0.7636806321913789
163,0.01992231437989905,0.0014534551878974296,0.00035814976157117265,0.0004912068542807361,0.001007081181549655,0.047494437935938466,0.1660937041872089,0.7631796505116546
164,0.019390190846156886,0.0014592689400539584,0.0003432192114909767,0.00046972547227935966,0.0009666265478784689,0.04718403994679329,0.1674872867630684,0.7626996422722782
165,0.018867491663491054,0.001464847722789978,0.0003288381310867003,0.0004491541264493923,0.0009275285826667887,0.04687031723197043,0.16885201786123186,0.7622398046803137
166,0.0183543803259275,0.0014702001936647872,0.00031503591599154837,0.0004294619077695784,0.0008897699510295235,0.04655378297170938,0.17018811168056666,0.7617992570533405
167,0.017850920066676032,0.0014753361035987613,0.00030194070941056344,0.0004106060117277458,0.0008533301912971455,0.04623493397054717,0.17149580773121256,0.7613771252155298
168,0.01735739959886708,0.001480259608675193,0.0002892592083868073,0.0003925844575183649,0.000818191717446014,0.04591423382021927,0.17277536920944386,0.7609727023794435
169,0.016873708336755194,0.0014849825727171462,0.0002772533465963618,0.0003753370726620568,0.0007843265935473846,0.04559214419648424,0.17402709925935134,0.7605851486218862
170,0.016400064537551648,0.001489509094319936,0.00026566768563402696,0.00035885861320861966,0.0007517134772681513,0.045269084876396075,0.17525129607941456,0.7602138056362069
171,0.015936436247044775,0.0014938481472149428,0.0002546032947896709,0.0003431081508897913,0.0007203238779949583,0.04494546264172108,0.17644827812780603,0.7598579395125385
172,0.015482850356002147,0.0014980071529264154,0.00024406465171878492,0.00032805721634868965,0.0006901295737581896,0.04462165953713338,0.17761836671124714,0.7595168648008653
173,0.01503941130628329,0.001501990966333329,0.0002338908722482934,0.0003136936079808745,0.0006611037946234791,0.04429803557893058,0.1787618995285082,0.7591899743450917
174,0.014605971850926217,0.0015058094558721652,0.0002242819291426982,0.00029996781647140144,0.0006332140330726427,0.04397493916678452,0.1798792268706292,0.7588765888771006
175,0.014182627800101036,0.0015094661136726823,0.00021499085883492698,0.0002868750848268956,0.0006064322011345431,0.04365269238222397,0.18097073060241123,0.7585761849567942
176,0.013769241109994374,0.001512969461523966,0.00020614937789955242,0.00027437397348950934,0.0005807252591854561,0.043331601288981364,0.1820367826709437,0.7582881568579819
177,0.01336579165207524,0.0015163249868723298,0.00019770101652253063,0.00026244497072891633,0.0005560623286842191,0.04301194952178813,0.18307775741340365,0.7580119681099243
178,0.012972250733324244,0.0015195378236089482,0.00018957667575468499,0.0002510700831482537,0.000532412639079146,0.04269400425951078,0.1840940383231176,0.7577471094624564
179,0.012588457039657996,0.0015226158181920575,0.000181883479483349,0.0002402127495866382,0.0005097425369121802,0.042378019262847184,0.1850860185363353,0.7574930505769855
180,0.012214414450260088,0.001525562019037353,0.00017446353119358649,0.00022986553958966895,0.00048802290253806844,0.04206422662122107,0.1860540935674463,0.7572493513687139
181,0.011849940632884741,0.0015283840637685066,0.00016740928880708636,0.00021999415707420802,0.0004672199263124587,0.04175284833544127,0.18699867495006167,0.7570155286456504
182,0.011494956979857082,0.0015310859446246298,0.00016065117773923754,0.00021058272003669383,0.0004473033806912831,0.04144408478348621,0.18792017084695856,0.7567911641666061
183,0.011149350468462368,0.0015336727197442874,0.00015417623312870887,0.00020161142917649095,0.0004282421451549948,0.04113812308256613,0.18881898598294988,0.7565758379388169
184,0.010812965354106262,0.0015361503713510096,0.00014802215860087808,0.00019305569546165468,0.000410004440673841,0.04083513801615355,0.1896955289299429,0.7563691350337101
185,0.01048571508828917,0.001538521711559068,0.00014210242946077547,0.000184903900433193,0.00039256210773312125,0.040535287105972075,0.19055021087382049,0.756170696782732
186,0.010167408307861127,0.0015407932323748103,0.0001364763756710544,0.00017713009441271742,0.00037588324492938773,0.04023871874978581,0.19138345165299733,0.7559801383419678
187,0.009857935457876462,0.0015429678146886617,0.00013107828342198035,0.00016972217704641824,0.00035994036273633505,0.03994556486581096,0.19219566371552416,0.7557971273228943
188,0.009557132966303776,0.0015450501988045345,0.00012591782545759734,0.00016266110688446168,0.0003447043165323265,0.039655946806706775,0.19298726164885083,0.7556213251304593
189,0.00926484109746401,0.0015470448029244691,0.00012100067600465673,0.00015592944038757508,0.0003301468344084569,0.03936997433906241,0.1937586550477302,0.7554524077620183
190,0.00898092806819811,0.001548954259000059,0.00011627615235134615,0.00014951569857919983,0.00031624204237879795,0.039087744463136065,0.19451025522660131,0.7552900840897547
191,0.00870520285616847,0.001550783856314884,0.00011178736490366743,0.00014339989245891,0.00030296188294471645,0.03880934671737021,0.19524247003797926,0.7551340473918594
192,0.008437529750976083,0.0015525357051107218,0.00010747525404423786,0.00013757241396520123,0.00029028213346120714,0.03853485705590914,0.19595571151887367,0.7549840361676595
193,0.008177726021705611,0.0015542140746443523,0.00010335988236079672,0.00013201665030192672,0.0002781768980410979,0.03826434339770046,0.19665038520062128,0.7548397778746245
194,0.007925630733278925,0.0015558221312710933,9.943000520053667e-05,0.00012672016164872707,0.0002666220397885855,0.03799786408838294,0.19732689128706526,0.7547010195533634
195,0.007681091693895944,0.001557362342793051,9.565724183233532e-05,0.00012167273860525122,0.000255594801850276,0.037735468487117195,0.19798562775151926,0.7545675249423861
196,0.007443917893234458,0.0015588388701138173,9.207129730073181e-05,0.00011685858739554488,0.0002450713539425163,0.0374771987946776,0.19862698948372953,0.7544390537196054
197,0.007213964658327898,0.0015602533001401327,8.862465048036872e-05,0.00011227037717276258,0.00023503103008694625,0.03722308709053023,0.19925137158163178,0.7543153973116296
198,0.006991047568736994,0.0015616093608201076,8.533792852361607e-05,0.00010789445562187944,0.00022545169517353364,0.036973159950762,0.19985916140349996,0.7541963376368616
199,0.006775006323109258,0.0015629092606200621,8.219320514265622e-05,0.00010372165723833612,0.00021631334316933227,0.03672743557170241,0.20045074332056584,0.7540816773184519
200,0.006565680018055155,0.0015641552863629724,7.917803564629927e-05,9.974293271139702e-05,0.00020759653715946306,0.03648592594548675,0.2010264953913655,0.7539712258532124
